39144567 1
10326668 1
-33010282 0
-45583380 1
-91757616 0
11008303 1
-50393063 1
86648914 0
61031272 0
-45385341 0
55415923 0
-74661634 0
65226663 1
485718 0
-69591363 1
-28596330 0
-49704596 1
-83096290 1
-86044502 1
15271495 1
-80685278 0
820338 1
30340713 0
-51119325 1
-96022862 1
34683958 0
21814385 1
26330234 0
-37793635 1
3869998 1
-93097705 0
46861020 1
-17617521 0
67277135 1
39663157 1
-10850422 1
7050331 0
-71424979 0
-42276486 1
-58740813 0
43748144 0
17628723 0
-4789616 0
15559520 1
32543884 0
-53364626 0
-37888234 1
-99050078 1
41423061 1
8770443 0
-95892076 1
-96259021 0
41821670 0
25271883 0
51843882 1
72389982 1
97613361 0
-78324401 1
-52019988 1
71230931 0
87047018 1
61351292 1
-5827424 0
77178792 0
-92453797 1
-88112773 0
13183276 1
83576459 0
-8971276 1
-51724803 0
-91130447 1
98260199 0
-80518553 0
-815181 1
52200923 1
57284201 1
-89237806 1
-57348540 0
65349916 1
-47190998 1
17756258 0
-42550263 1
-69396161 1
48902213 0
1242497 0
69842377 1
98751961 1
14923133 1
93449058 1
-79347876 1
13520213 1
22123993 0
75626597 0
-42521725 1
35779713 0
550457 0
-44579873 0
1963852 1
1682868 0
36442929 1
-53343516 1
11066390 1
28623787 0
95443740 0
-4929084 1
-84589906 0
83959317 0
-64198469 0
75129516 1
-34211419 1
-96229156 1
72287817 1
-1037655 1
77855048 1
47617890 1
98830476 0
9968742 1
-71052965 1
55914306 1
72738717 0
69357657 1
-83377410 0
52491697 0
-42609796 1
55103332 1
10042912 0
-79003484 1
38602833 1
20588462 0
87055000 1
46837129 0
13786831 1
-11838434 0
36419263 0
82307737 0
16434182 1
88709252 0
19603386 0
44466719 1
-1544094 0
-9853041 1
677928 1
-36341854 1
94032121 0
22823504 1
23963858 0
-34545030 0
51122589 0
44362841 0
-64755043 0
58764242 0
37135955 1
-25367247 0
-65314182 0
45262466 1
-10696935 1
42237694 1
39254039 0
-27153904 0
-99354263 1
5089965 0
58127783 1
8415598 0
-40683142 0
-86185121 0
26027881 0
-70275603 0
-41492923 1
68026366 1
-40609167 1
-49330357 0
-66788011 1
-67729500 1
-45298822 1
49928014 1
42742796 1
-4837794 1
35146219 0
78621600 0
69194142 0
70349554 1
-44783345 0
20606126 1
-1896252 1
13944171 1
-2124069 1
-87213971 1
-52180760 0
22181533 1
-47152188 1
-48626094 1
95932255 1
-11816437 1
-98435600 1
32464654 0
-29756107 1
81910196 1
1085076 0
-88013444 1
-22780916 1
85322881 0
45416489 1
33790877 1
-13757796 1
74425666 0
66623305 0
49120172 1
-11842191 1
92602132 1
46839476 1
39295734 0
-10376024 0
86707151 0
-84740030 0
-41158946 0
29522203 1
-44305651 0
32996400 1
56914096 1
-88050170 0
61740727 1
-79760516 1
-42739790 0
-42123819 1
-7037055 1
-80537226 1
42522348 0
2937987 1
15180568 0
-29427767 0
98435277 1
-68581880 1
73004286 0
-65810045 0
74188130 0
3281934 1
98671116 1
-79338527 1
50251934 0
-26543097 1
97484288 0
-37449906 0
-2583029 1
-99132024 1
-82646929 0
-84706139 1
89305151 1
-7202546 0
-99895722 0
-34482687 1
-96292948 1
24155480 0
-82897342 1
-89621387 0
69721375 1
34801563 0
34931445 1
52118376 1
35896678 1
52098504 1
6308332 1
28439500 0
-86028237 0
28298269 1
299430 1
32689162 1
21693038 1
-97444258 0
61872242 1
32453421 0
-7767109 1
93963464 0
20280263 1
-34615268 1
20957972 0
-43158909 0
-81400752 1
50181521 0
-62793426 0
33684430 1
-62527547 0
39816618 1
-39003933 1
83576789 0
98402853 1
-27467394 0
86710903 0
97494577 1
99873663 0
82691434 0
13195384 1
91252315 1
-37299709 0
86014122 0
42096359 1
32571647 0
45164875 0
-74181041 1
53493557 1
59148702 1
25399047 0
17364649 1
58926587 0
68471457 0
-90177231 1
-10079167 1
-40678518 0
-59748690 1
-55660915 1
-53821926 1
23387684 0
-97902799 1
92050094 0
517910 1
-39661113 1
17431557 0
92694995 1
70117323 1
-36927238 0
-23789618 0
50722947 1
59568752 0
-62533673 1
-69215994 1
20773563 1
9322377 0
19930405 1
48863935 0
-38052693 0
8164093 1
-24363206 0
-1780303 1
30393419 0
73131451 0
-60302280 1
-91220394 1
-44649574 1
31302753 0
24792876 0
46685380 0
83134478 1
33429316 0
-18399163 1
59349422 0
-83064811 0
-31204165 1
-81168950 0
25514761 1
-57449406 1
43117524 0
-55389508 1
2763959 0
-33466971 0
-12554005 1
-41044451 1
-95692459 1
30427268 0
59522730 1
84930196 0
70642347 1
48044807 0
74478482 1
-36660847 0
-59111998 0
-61877504 1
19439442 1
23740395 0
52065824 1
-13690146 1
22447989 1
64480586 0
-19829250 1
20311209 0
64982832 1
-7720744 0
83328202 0
14953913 1
-67309149 0
-41308843 1
-71257306 1
-83035916 0
-256103 0
36496682 1
47288427 1
26592452 0
41062123 1
-8065180 1
-36268049 0
96309055 1
76670520 0
22284063 0
92901141 1
-51836635 0
53061521 0
10096381 0
-72554000 1
40619897 1
1683548 1
-73586441 0
-80144653 1
30837192 0
-90049265 0
95761610 1
-57393371 0
36255097 0
-82811430 0
41631778 0
-4947353 0
-57223332 1
94188146 1
18088483 0
80851061 1
-38711257 0
-89480494 0
24533851 0
-89613391 0
-9265434 0
-19099276 0
-89748989 1
-56709793 1
-66308724 0
84488655 1
24266962 1
-56698830 0
-24301928 1
-28186258 1
-72378260 0
60997079 1
-10232768 1
-22377794 1
81508585 1
-43694554 0
-71716577 1
7825786 0
88810255 0
76327102 0
-83706994 1
-84759023 0
77847039 1
4978658 1
-90628683 1
94797965 1
30894587 0
30380006 0
-7698916 0
-57471698 0
-7994140 1
-26374306 0
59904923 1
-83385466 1
-56994037 0
-85178792 1
63957719 0
55522680 1
69683561 1
20778552 0
81622847 1
-13472693 1
-29254440 1
82180177 0
92199518 0
-92250124 0
58388175 1
-92377376 0
78491707 1
38287724 0
-56808361 0
-60681107 0
-52723322 1
-2527598 0
-66598110 0
4147074 0
67190847 1
-79267408 0
18140571 1
-68830784 0
-86062356 0
-1186043 0
89715145 1
-18469742 0
-60229843 1
-36312690 1
32727853 1
-52096362 1
98188139 0
-36601191 1
-1161407 1
-35703580 1
-54792426 1
33858280 1
17241744 1
48300037 0
-3881014 0
-77262269 1
-15697979 0
39491817 0
-21972076 1
-49019672 1
-38460956 0
-4973058 0
26968024 1
